250
249
225 0 0.02383
1 72 0.06506
107 1 0.07484
2 86 0.0598
51 2 0.05083
3 67 0.09725
153 3 0.04799
4 26 0.08347
55 4 0.06425
78 4 0.02559
5 102 0.03834
26 5 0.03351
6 129 0.05363
16 6 0.04529
236 6 0.05556
7 157 0.00516
125 7 0.02442
8 244 0.02711
143 8 0.07437
152 8 0.00702
9 23 0.03526
195 9 0.04585
10 175 0.07429
123 10 0.00886
11 152 0.0414
82 11 0.03687
175 11 0.09935
246 11 0.06678
12 198 0.05807
35 12 0.06079
13 100 0.0256
133 13 0.06257
14 133 0.06649
15 211 0.04
117 16 0.05134
147 16 0.07171
17 170 0.07756
81 17 0.05763
229 17 0.06676
18 86 0.02813
19 70 0.06872
100 19 0.06397
174 19 0.01925
20 116 0.02095
21 27 0.01873
71 21 0.03782
233 21 0.04409
22 56 0.01508
34 22 0.03658
23 58 0.07072
33 23 0.06032
24 209 0.02802
149 24 0.02915
25 111 0.05309
60 25 0.03405
27 240 0.06581
28 198 0.00775
242 28 0.02503
29 218 0.02524
224 29 0.03477
30 212 0.03314
179 30 0.0657
244 30 0.01475
31 241 0.07871
32 187 0.04594
73 34 0.01812
94 35 0.06254
36 41 0.05329
88 36 0.01841
37 153 0.03846
76 37 0.02674
115 37 0.01398
38 215 0.0529
126 38 0.00845
39 149 0.05382
66 39 0.0559
40 164 0.03395
190 40 0.03649
220 40 0.0315
41 182 0.03878
42 181 0.06506
108 42 0.06664
135 42 0.05008
43 207 0.02708
44 49 0.02107
204 44 0.01774
45 83 0.02906
46 169 0.06854
47 218 0.02914
48 232 0.02109
216 48 0.07531
49 225 0.03314
97 49 0.03121
50 59 0.04226
185 50 0.05942
52 187 0.03447
208 52 0.03135
226 52 0.02384
53 145 0.06902
120 53 0.02782
54 140 0.02922
112 55 0.0459
56 120 0.05027
57 184 0.03368
197 57 0.02583
58 68 0.04795
114 58 0.01947
59 97 0.06442
199 60 0.04868
61 87 0.05163
111 61 0.06739
62 233 0.03192
63 199 0.01821
237 63 0.04962
64 137 0.03977
65 188 0.03552
184 65 0.0479
206 66 0.05154
67 217 0.04501
68 176 0.04396
69 107 0.0564
173 69 0.05282
70 179 0.06528
79 70 0.01576
188 71 0.03894
72 189 0.03706
203 72 0.0347
74 215 0.04643
183 74 0.0519
75 89 0.03394
116 75 0.02706
95 76 0.0737
77 102 0.02737
138 77 0.07171
239 78 0.02065
80 225 0.05577
134 81 0.04508
85 82 0.04344
83 232 0.06812
217 83 0.03695
84 174 0.0277
86 141 0.0564
87 234 0.08302
130 87 0.03684
89 194 0.0511
127 89 0.10682
90 173 0.06973
91 146 0.02723
137 91 0.01061
218 91 0.04088
92 235 0.0604
93 160 0.0436
231 93 0.03594
96 199 0.01569
98 236 0.04433
178 98 0.05183
99 147 0.03171
162 99 0.06455
101 196 0.03115
139 101 0.03983
102 226 0.07775
103 174 0.03708
192 103 0.04287
243 103 0.05731
104 248 0.0664
201 104 0.02597
105 106 0.01034
106 193 0.02119
196 108 0.03132
109 137 0.05083
215 109 0.06179
110 214 0.0292
159 112 0.04347
113 223 0.04665
198 113 0.05009
222 114 0.0206
164 116 0.0406
167 117 0.09427
118 197 0.06902
124 118 0.063
119 134 0.04953
145 119 0.05361
121 170 0.03464
182 121 0.03939
122 139 0.01217
205 122 0.00647
155 124 0.01487
172 124 0.04713
128 239 0.01726
129 166 0.03392
194 130 0.05825
131 143 0.05854
193 131 0.01012
132 235 0.05508
166 133 0.06778
227 134 0.03986
141 135 0.06693
136 159 0.0231
234 136 0.03185
240 138 0.02076
140 147 0.04712
142 213 0.03433
144 248 0.01527
146 227 0.0456
148 184 0.03398
157 148 0.01712
230 148 0.04043
150 220 0.04158
189 150 0.06046
151 208 0.00391
228 153 0.05583
241 153 0.04247
154 238 0.02365
245 154 0.04011
180 155 0.03246
213 155 0.01559
156 205 0.05088
214 156 0.03435
219 156 0.00745
181 157 0.05473
158 249 0.05734
223 158 0.05291
160 191 0.0541
161 186 0.06124
163 222 0.05489
211 163 0.01708
165 180 0.01756
168 231 0.00268
187 168 0.0408
169 186 0.05624
170 223 0.03653
171 213 0.06758
235 171 0.03106
238 171 0.05664
176 202 0.04299
191 176 0.02089
177 189 0.03512
186 177 0.03537
248 185 0.02896
247 190 0.0668
200 203 0.05651
232 201 0.03557
202 204 0.04207
249 203 0.04148
207 210 0.03158
212 207 0.05667
221 207 0.02902
209 211 0.01269
210 219 0.03728
